2.780000000000271143e-02 1.185000000000044906e-01 1.462999999999965439e-01
6.944554880960367882e+00 2.931034308940503763e+00 9.775976819134811535e+00
1.146909150343357453e+01 1.143911213792430281e+01 5.549057020557128794e-01
1.589999999999918145e-01 1.340898642401384677e-01 9.260661849957720904e-01
3.841498179321106932e+00 6.438542852270714434e-01 1.211679999999998358e+01
1.695940000000000580e+01 1.499999999999346301e-02 1.305559999999999121e+01
7.262499999999988631e+00 1.079935802372844478e-02 6.802325217811251434e+00
4.860601436955107602e-01 2.051256770692205578e+00 1.319866184995772684e+00
7.059999999999178044e-02 3.246999999999786723e-01 2.541012074182447122e-01
1.263000000000040757e-01 1.746000000000051955e-01 3.008999999999915076e-01
9.810000000000229647e-02 6.095000000000002416e+00 2.203689879258173079e+01
7.069323180865168865e+00 2.116204712190494774e-02 1.297869048263962100e+00
5.272100613792304102e+00 4.621934509199832064e-02 6.488639856304459386e+00
3.818731299706001892e-03 4.251413674449821656e+00 6.133391503433564651e+00
1.864039429794429026e+01 8.043342977421730211e-02 1.837768646371813475e-01
